;Flow Measurements
;Location	Time	Value
;----
aMC824150507	0		4.78
            1		5.15		
            2		14.65
            3		2.82
            4		0.38
            5		7.78
            6		8.06
            7		5.06
            8		4.58
            9		3.64
            10		4.13
            11		4.01
            12		4.26	
            13		1.32
            14		0.35
            15		1.39
            16		0.45
            17		0.31
            18		5.6
            19		4.32
            20		5.41
            21		1.18
            22		2.69
            23		5.68
aMC823150507	0	4.02
				1	4.79
				2	4.72
				3	3.61
				4	1.04
				5	1.01
				6	4.62
				7	1.89
				8	1.4
				9	1.81
				10	2.11
				11	1.98
				12	1.96
				13	1.92
				14	2
				15	1.23
				16	1.18
				17	1.36
				18	1.15
				19	1.47
				20	1.01
				21	0.75
				22	0.71
				23	3.34
aMC405150114	0	33.8
				1	22.8
				2	21.1
				3	19.2
				4	20.1
				5	35.3
				6	34.9
				7	33.4
				8	37.9
				9	12.4
				10	13.5
				11	7.5
				12	6.3
				13	10.2
				14	8.8
				15	13.2
				16	5.5
				17	10.5
				18	11.5
				19	15.5
				20	9
				21	34.1
				22	30.5
				23	30.5
aMC406150114	0	33
				1	48
				2	51
				3	39
				4	60
				5	46
				6	42
				7	31
				8	72
				9	50
				10	20
				11	20
				12	20
				13	17
				14	20
				15	23
				16	15
				17	19
				18	14
				19	13
				20	16
				21	18
				22	45
				23	44
aMC407150114	0	29.7
				1	28.3
				2	29.3
				3	35.6
				4	52.7
				5	43.6
				6	29.2
				7	23
				8	15.6
				9	20.4
				10	11
				11	14.6
				12	15.6
				13	11.6
				14	13.8
				15	16.4
				16	9.9
				17	16.5
				18	10.6
				19	10.6
				20	13.9
				21	15.5
				22	38.9
				23	35.8
aMC408150114 	0	3.7
				1	4.3
				2	2.1
				3	8.5
				4	5.3
				5	7
				6	6.1
				7	3.6
				8	1.9
				9	1.5
				10	3.7
				11	2.1
				12	1
				13	1.2
				14	1.5
				15	1.6
				16	2.0
				17	2.1
				18	1
				19	2
				20	3.5
				21	6
				22	12.6
				23	2.8
aMC410150114 	0	4
				1	5
				2	4
				3	10
				4	11
				5	19
				6	16
				7	11
				8	5
				9	2
				10	4
				11	2
				12	2
				13	1
				14	2
				15	2
				16	2
				17	3
				18	1
				19	3
				20	4
				21	6
				22	18
				23	5
aMC417150128 	0	0.42
				1	0.38
				2	0.38
				3	0.5
				4	0.46
				5	0.45
				6	0.62
				7	1.48
				8	1.31
				9	1.36
				10	0.83
				11	0.84
				12	0.73
				13	0.8
				14	0.78
				15	0.69
				16	0.8
				17	0.56
				18	0.71
				19	0.71
				20	0.7
				21	0.65
				22	0.62
				23	0.47
aMC420150128 	0	6.3
				1	5.2
				2	3.8
				3	1.4
				4	6.5
				5	9.4
				6	9.1
				7	4.8
				8	3
				9	2.6
				10	3.6
				11	2.3
				12	5.2
				13	3.2
				14	2.6
				15	3.8
				16	2.3
				17	2.5
				18	2.6
				19	2.6
				20	4.3
				21	5.2
				22	3.4
				23	4.3
aMC421150128 	0	7.3
				1	4.03
				2	7.17
				3	8.11
				4	16.89
				5	17.27
				6	10.94
				7	7.6
				8	2.88
				9	1.63
				10	1.56
				11	1.35
				12	1.41
				13	1.8
				14	1.38
				15	1.97
				16	1.32
				17	10.93
				18	1.65
				19	0.76
				20	0.92
				21	8.62
				22	9.26
				23	12.17
aMC421150128 	0	7.3
				1	4.03
				2	7.17
				3	8.11
				4	16.89
				5	17.27
				6	10.94
				7	7.6
				8	2.88
				9	1.63
				10	1.56
				11	1.35
				12	1.41
				13	1.8
				14	1.38
				15	1.97
				16	1.32
				17	10.93
				18	1.65
				19	0.76
				20	0.92
				21	8.62
				22	9.26
				23	12.17
aMC422150128 	0	4.39
				1	1.06
				2	1.41
				3	6.62
				4	16.29
				5	11.64
				6	10.72
				7	6.95
				8	4.66
				9	3.04
				10	4.38
				11	3.83
				12	5.14
				13	3.62
				14	1.5
				15	1.93
				16	3.22
				17	3.54
				18	2.17
				19	1.82
				20	2.93
				21	2.78
				22	5.06
				23	5.78
aMC422150128 	0	9.99
				1	10.19
				2	5.06
				3	5.69
				4	4.12
				5	9.85
				6	7.39
				7	4.1
				8	2.25
				9	1.9
				10	2.05
				11	2.19
				12	1.69
				13	1.77
				14	2.9
				15	1.51
				16	1.32
				17	5.1
				18	5.07
				19	1.67
				20	3.84
				21	2.62
				22	10.52
				23	6.44
aMC826150504 	0	0.17
				1	0.15
				2	0.17
				3	0.16
				4	0.15
				5	0.16
				6	0.22
				7	0.41
				8	0.59
				9	0.64
				10	0.46
				11	2.19
				12	1.69
				13	1.77
				14	2.9
				15	1.51
				16	1.32
				17	5.1
				18	5.07
				19	1.67
				20	3.84
				21	2.62
				22	10.52
				23	6.44